42364374
71413901
82108372
39168895
78636495
42386471
16956455
85306040
89222931
85087012
18430390
61802346
39303359
54040221
52319752
14089428
76203291
75081613
96235275
41113025
6061630
92826944
84847656
74976215
69695704
45041488
12435193
80925836
39037517
49680980
66816282
42463414
77135531
10321588
4694209
37792478
82199284
20474741
83957459
91438994
62950604
47013502
85682655
4611269
95905259
1371589
66499018
64892035
40921545
98225108
42969214
97396380
89362180
15767889
50896944
47506081
95992081
68836428
11411223
47805931
80764541
3989465
76372778
581014
12014404
48009503
74593218
57043117
95169481
66506689
51960178
75367227