99733359
12467005
54635862
37984162
25727454
61318483
2204140
31036355
32180819
36045450
42502956
52112003
55991637
72302403
81385346
82828051
89882100
95281259
99995595
19230408
25789292
27243130
35480699
54773234
70046172
73199638
73915051
88616795
95507060
96864811
98045062
4230620
10012614
12923641
25518020
44887817
66835946
6178850
23562407
28106077
36042825
37534148
37684215
45247637
62991886
67775894
70828912
82432018
83438826
84428023
86198326
88610708
91580102
92346415
98867329
78082039
57882509
22359980
97077563
68540059
23635815
23927545
30464153
76909279
72429240
78663366
2525268
2137678
12235475
13521194
96930127
3603242
40133511
2584136
11232355
30914564
91596726
95943058
2671330
40320754
65422840
5237827
55424270
77491079
60398723
20351153
79409334
3370104
93130021
99861526
38041940
38742075
90508760
39180960
46508640
43426903
84747429
59797187
52035300
53610653
18325492
20586572
93830681
79337169
7914843
49374988
71759912
73625877
30608985
87685879
52430902
12398280
3146695
14883228
21636650
89792713
50277973
87772572
25642998
11741041
75987257
44046281
78474168
44509898
71098407
63630268
23122036
88494120
51099515
25005816
41925941
31785398
80163754
98239899
3149764
59744639
83133491
29267084
66742250
12503902
96008713
77538567
32854013
87106146
16678947
59718521
43889633
17490535
73729209
97168905
54451023
91078716
37390590
23323812
82633308
34815282
4923662
93895605
60306104